$ 1 0.000005 10.20027730826997 50 5 43 5e-11
213 -176 176 -48 176 0 0 pwl(t,\s0,\s0,\s0.6,\s0.81,\s0.6,\s0.81,\s0.9,\s0)
r -80 176 -16 176 0 0.1
w -16 176 144 176 0
w -80 208 -32 208 0
w -32 208 -32 320 0
w 224 112 288 112 0
w 288 112 288 160 0
w 272 80 400 80 0
w 512 48 512 160 0
w 400 80 400 160 0
159 400 160 400 192 2 0.01 10000000000 2.5
159 512 160 512 192 2 0.01 10000000000 2.5
r 288 304 288 224 0 110
w 288 160 288 224 0
w 400 288 400 304 0
w 384 176 352 176 0
w 352 176 352 368 0
w 496 176 464 176 0
w 464 176 464 368 0
g 288 304 288 352 0 0
g 400 304 400 352 0 0
g 512 304 512 352 0 0
g -32 320 -32 352 0 0
r 400 192 400 288 0 18.25
r 512 192 512 304 0 12.8
R 352 368 352 448 0 2 1.1111111 5 0 1.1635527183076029 0.05
R 464 368 464 448 0 2 1.11111 5 0 1.163552823027358 0.05
w 176 144 176 112 0
w 176 112 224 112 0
w 176 112 176 80 0
w 176 80 272 80 0
w 176 80 176 48 0
w 176 48 512 48 0
w 144 176 144 144 0
w 144 144 176 144 0
w 176 144 208 144 0
w 208 144 224 144 0
w 224 144 224 224 0
r 224 224 224 304 0 55
g 224 304 224 352 0 0
r 144 176 144 224 0 0.1
v 144 304 144 224 0 0 40 5 0 0 0.5
g 144 304 144 352 0 0
